$ 4 5e-12 10.20027730826997 50 5 50 5e-11
b 110 173 152 348 0
207 128 192 80 192 4 3.3V
207 128 208 80 208 4 PB5
207 128 224 80 224 4 PB0
207 128 240 80 240 4 PB1
207 128 256 80 256 4 PE4
207 128 272 80 272 4 PE5
207 128 288 80 288 4 PB4
207 128 304 80 304 4 PA5
207 128 320 80 320 4 PA6
207 128 336 80 336 4 PA7
207 288 336 240 336 4 PF1
207 288 320 240 320 4 PE3
207 288 304 240 304 4 PE2
207 288 272 240 272 4 PD3
207 288 256 240 256 4 PD2
207 288 240 240 240 4 PD1
207 288 224 240 224 4 PD0
207 288 288 240 288 4 PE1
207 288 208 240 208 4 Gnd
207 288 192 240 192 4 5V
b 270 173 312 348 0
207 448 336 400 336 4 PF4
207 448 320 400 320 4 PD7
207 448 304 400 304 4 PD6
207 448 288 400 288 4 PC7
207 448 272 400 272 4 PC6
207 448 256 400 256 4 PC5
207 448 240 400 240 4 PC4
207 448 224 400 224 4 PB3
207 448 208 400 208 4 PF3
207 448 192 400 192 4 PF2
b 430 173 472 348 0
b 591 174 633 349 0
207 608 192 560 192 4 Gnd
207 608 208 560 208 4 PB2
207 608 224 560 224 4 PE0
207 608 240 560 240 4 PF0
207 608 256 560 256 4 Reset
207 608 272 560 272 4 PB7
207 608 288 560 288 4 PB6
207 608 304 560 304 4 PA4
207 608 320 560 320 4 PA3
207 608 336 560 336 4 PA2
x 114 167 139 170 4 24 J1
x 272 165 297 168 4 24 J3
x 434 164 459 167 4 24 J4
x 597 166 622 169 4 24 J2
b 47 80 667 369 0
x 225 122 515 125 4 36 EK-TM4C123GXL
b -784 64 -684 404 0
g -464 528 -464 608 0 0
207 -688 128 -736 128 4 GRND
207 -688 176 -736 176 4 ECHO
207 -688 240 -736 240 4 TRIG
207 -688 288 -736 288 4 VCC
w -688 128 -480 128 0
w -464 528 -464 128 0
w -480 128 -464 128 0
w -688 176 -400 176 0
w -688 240 -352 240 0
w -688 288 -288 288 0
w 288 192 336 192 0
w 288 208 320 208 0
w 320 208 320 464 0
w 112 464 -464 464 0
w 336 192 336 544 0
w -288 288 -288 416 0
w -288 416 -288 544 0
w -288 544 128 544 0
w 608 288 720 288 0
w 720 288 720 16 0
w 512 16 -336 16 0
w -400 176 -400 16 0
w -336 16 -400 16 0
w 608 304 736 304 0
w 736 304 736 -16 0
w 528 -16 -336 -16 0
w -352 240 -352 -16 0
w -336 -16 -352 -16 0
207 -688 -128 -736 -128 4 VCC
207 -688 -176 -736 -176 4 TRIG
207 -688 -240 -736 -240 4 ECHO
207 -688 -288 -736 -288 4 GRND
b -784 -352 -684 -12 0
x -917 373 -821 376 4 24 Sensor\sL
x -890 -26 -790 -23 4 24 Sensor\sR
w 128 304 176 304 0
w 176 304 176 -144 0
w -688 -176 -32 -176 0
w 176 -144 176 -176 0
w -688 -128 -272 -128 0
w -288 288 -272 -128 0
w -464 128 -464 -288 0
w -688 -288 -464 -288 0
w 608 272 752 272 0
w 752 272 752 -240 0
w -688 -240 544 -240 0
w -32 -176 176 -176 0
w 544 -240 752 -240 0
w 528 -16 736 -16 0
w 512 16 720 16 0
w 112 464 320 464 0
w 128 544 336 544 0
w 1184 208 2256 208 0
w 2208 192 1184 192 0
w 1184 176 2064 176 0
207 1360 48 1392 48 4 GND
w 1920 -32 2016 -32 0
w 2064 400 2016 400 0
w 2208 400 2256 400 0
w 1920 -48 2256 -48 0
w 1920 -64 2208 -64 0
w 2000 -80 2064 -80 0
w 1920 -80 2000 -80 0
207 1360 -176 1376 -176 4 ENABLE_A
207 1360 -160 1376 -160 4 ENABLE_B
207 1360 -80 1376 -80 4 IN-1
207 1360 -64 1376 -64 4 IN-2
207 1360 -48 1376 -48 4 IN-3
207 1360 -32 1376 -32 4 IN-4
207 1920 -32 1936 -32 4 OUT-4
207 1920 -48 1936 -48 4 OUT-3
207 1920 -64 1936 -64 4 OUT-2
207 1920 -80 1936 -80 4 OUT-1
207 1920 -240 1936 -240 4 VS
207 1920 -160 1936 -160 4 SEN_B
207 1920 -192 1936 -192 4 SEN_A
x 1598 -96 1671 -93 4 24 LM298
b 1360 -288 1932 93 0
x 2075 453 2201 456 4 24 DC\sMotor\sR
x 2073 331 2195 334 4 24 DC\sMotor\sL
415 2208 400 2064 400 0 0.5 1 0.15 0.15 0.02 0.05 1 0
415 2208 288 2064 288 0 0.5 1 0.15 0.15 0.02 0.05 1 0
w 320 464 1184 448 0
w 1184 336 1184 448 0
w 2016 -32 2016 144 0
w 2016 144 2016 400 0
w 2016 144 1184 144 0
w 1184 48 1360 48 0
w 1184 48 1184 144 0
w 1184 144 1184 176 0
w 1184 176 1184 192 0
w 1184 192 1184 208 0
w 1184 208 1184 336 0
w 2064 -80 2064 176 0
w 2064 176 2064 288 0
w 2208 192 2208 288 0
w 2208 192 2208 -64 0
w 2256 -48 2256 208 0
w 2256 208 2256 400 0
R 1200 -496 1200 -544 0 0 40 9 0 0 0.5
w 128 288 160 288 0
w 160 288 160 -48 0
w 160 -48 160 -96 0
w 160 -96 1296 -96 0
w 1296 -96 1360 -96 0
w 1360 -96 1360 -80 0
w 1360 -48 1376 -48 0
w 1376 -48 1376 -16 0
w 1376 -16 1232 -16 0
w 128 256 192 256 0
w 192 256 192 -32 0
w 192 -32 1232 -32 0
w 1232 -32 1232 -16 0
207 1360 -272 1392 -272 4 5-12\sV\sIn
207 1360 -256 1408 -256 4 GND
207 1360 -240 1392 -240 4 VCC
w 1360 -272 1280 -272 0
w 1360 -256 912 -256 0
w 912 -256 928 448 0
w 1360 -240 352 -224 0
w 336 192 352 -224 0
x 1369 -141 1447 -138 6 24 jumped
b 1088 -688 1340 -521 0
b 1104 -672 1330 -557 0
x 1195 -607 1365 -604 4 24 6\s-\sBattery\sPack
x 1042 -371 1180 -368 4 24 power\sswitch
s 1200 -400 1280 -368 0 0 false
w 1200 -496 1200 -400 0
b 1184 -416 1041 -341 0
423 1280 -352 1280 -293 0
w -624 -1232 -400 -1232 0
w -624 -1072 -208 -1072 0
x -826 -970 -646 -967 4 24 Wheel\sCounter\sL
b -720 -1296 -620 -956 0
207 -624 -1232 -672 -1232 4 OUT
207 -624 -1072 -672 -1072 4 GND
207 -624 -1152 -672 -1152 4 VCC
207 -624 -784 -672 -784 4 VCC
207 -624 -704 -672 -704 4 GND
207 -624 -864 -672 -864 4 OUT
b -720 -928 -620 -588 0
x -826 -602 -642 -599 4 24 Wheel\sCounter\sR
w -624 -704 -208 -704 0
w -624 -864 -400 -864 0
w -32 464 -32 -1248 0
w 352 -224 352 -1104 0
w -624 -784 352 -784 0
w -624 -1152 352 -1152 0
w 352 -1104 352 -1184 0
w -208 -1072 -32 -1072 0
w -208 -704 -32 -704 0
w 448 224 496 224 0
w 496 224 496 -448 0
w -400 -864 480 -864 0
w 496 -448 496 -864 0
w 480 -864 496 -864 0
w 608 208 656 208 0
w 656 208 656 -592 0
w -400 -1232 608 -1232 0
w 656 -592 656 -1232 0
w 608 -1232 656 -1232 0
